===x_f===
 {'input_ids': 
tensor([[    2,     2,     2,     2,     2,     2,     2,     2,     2,     2,
             2,     2,     2,     2,     2,     2,     2,     2,     2,     2,
             2,     2,     2,     2,     2,     2,     2,     2,     2,     2,
             2,     2,     2,     2,     2,     2,     2,     2,     2,     2,
             2,     2,     2,     2,     2,     2,     2,     2,     2,     2,
             2,     2,     2,     2,     2,     2,     2,     2,     2,     2,
             2,     2,     2,     2,     2,     2,     2,     2,     2,     2,
             2,     2,     2,     2,     2,     2,     2,     2,     2,     2,
             2,     2,     2,     2,     2,     2,     2,     2,     2,     2,
             2,     2,     2,     2,     2,     2,     2,     2,     2,     2,
             2,     2,     2,     2,     2,     2,     2,     2,     2,     2,
             2,     2,     2,     2,     2,     2,     2,     2,     2,     2,
             2,     2,     2,     2,     2,     2,     2,     2,     2,     2,
             2,     2,     2,     2,     2,     2,     2,     2,     2,     2,
             2,     2,     2,     2,     2,     2,     2,     2,     2,     2,
             2,     2,     2,     2,     2,     2,     2,     2,     2,     2,
             2,     2,     2,     2,     2,     2,     2,     2,     2,     2,
             2,     2,     2,     2,     2,     2,     2,     2,     2,     2,
             2,     2,     2,     2,     2,     2,     2,     2,     2,     2,
             2,     2,     2,     2,     2,     2,     2,     2,     2,     2,
             2,     2,     2,     2,     2,     2,     2,     2,     2,     2,
             2,     2,     2,     2,     2,     2,     2,     2,     2,     2,
             2,     2,     2,     2,     2,     2,     2,     2,     2,     2,
             2,     2,     2,     2,     2,     2,     2,     2,     2,     2,
             2,     2,     2,     2,     2,     2,     2,     2,     2,     2,
             2,     2,     2,     2,     2,     2,     2,     2,     2,     2,
             2,     2,     2,     2,     2,     2,     2,     2,     2,     2,
             2,     2,     2,     2,     2,     2,     2,     2,     2,     2,
             2,     2,     2,     2,     2,     2,     2,     2,     2,     2,
             2,     2,     2,     2,     2,     2,     2,     2,     2,     2,
             2,     2,     2,     2,     2,     2,     2,     2,     2,     2,
             2,     2,     2,     2,     2,     2,     2,     2,     2,     2,
             2,     2,     2,     2,     2,     2,     2,     2,     2,     2,
             2,     2,     2,     2,     2,     2,     2,     2,     2,     2,
             2,     2,     2,     2,     2,     2,     2,     2,     2,     2,
             2,     2,     2,     2,     2,     2,     2,     2,     2,     2,
             2,     2,     2,     2,     2,     2,     2,     2,     2,     2,
             2,     2,     2,     2,     2,     2,     2,     2,     2,     2,
             2,     2,     2,     2,     2,     2,     2,     2,     2,     2,
             2,     2,     2,     2,     2,     2,     2,     2,     2,     2,
             2,     2,     2,     2,     2,     2,     2,     2,     2,     2,
             2,     2,     2,     2,     2,     2,     2,     2,     2,     2,
             2,     2,     2,     2,     2,     2,     2,     2,     2,     2,
             2,     2,     2,     2,     2,     2,     2,     2,     2,     2,
             2,     2,     2,     2,     2,     2,     2,     2,     2,     2,
             2,     2,     2,     2,     2,     2,     2,     2,     2,     2,
             2,     2,     2,     2,     2,     2,     2,     2,     2,     2,
             2,     2,     2,     2,     2,     2,     2,     2,     2,     2,
             1,  1724,   338,  3974, 18513,  1923,  6438, 18513,   338,   385,
          1722,  2752,  3758,  1104,  1288,  2566, 10643,  1788,   393,  6057,
           373,  8074,  1919,  3852,  1919,   322,   263, 12875,   310, 26663,
           869,     2]], device='cuda:0'), 'labels': tensor([[ -100,  -100,  -100,  -100,  -100,  -100,  -100,  -100,  -100,  -100,
          -100,  -100,  -100,  -100,  -100,  -100,  -100,  -100,  -100,  -100,
          -100,  -100,  -100,  -100,  -100,  -100,  -100,  -100,  -100,  -100,
          -100,  -100,  -100,  -100,  -100,  -100,  -100,  -100,  -100,  -100,
          -100,  -100,  -100,  -100,  -100,  -100,  -100,  -100,  -100,  -100,
          -100,  -100,  -100,  -100,  -100,  -100,  -100,  -100,  -100,  -100,
          -100,  -100,  -100,  -100,  -100,  -100,  -100,  -100,  -100,  -100,
          -100,  -100,  -100,  -100,  -100,  -100,  -100,  -100,  -100,  -100,
          -100,  -100,  -100,  -100,  -100,  -100,  -100,  -100,  -100,  -100,
          -100,  -100,  -100,  -100,  -100,  -100,  -100,  -100,  -100,  -100,
          -100,  -100,  -100,  -100,  -100,  -100,  -100,  -100,  -100,  -100,
          -100,  -100,  -100,  -100,  -100,  -100,  -100,  -100,  -100,  -100,
          -100,  -100,  -100,  -100,  -100,  -100,  -100,  -100,  -100,  -100,
          -100,  -100,  -100,  -100,  -100,  -100,  -100,  -100,  -100,  -100,
          -100,  -100,  -100,  -100,  -100,  -100,  -100,  -100,  -100,  -100,
          -100,  -100,  -100,  -100,  -100,  -100,  -100,  -100,  -100,  -100,
          -100,  -100,  -100,  -100,  -100,  -100,  -100,  -100,  -100,  -100,
          -100,  -100,  -100,  -100,  -100,  -100,  -100,  -100,  -100,  -100,
          -100,  -100,  -100,  -100,  -100,  -100,  -100,  -100,  -100,  -100,
          -100,  -100,  -100,  -100,  -100,  -100,  -100,  -100,  -100,  -100,
          -100,  -100,  -100,  -100,  -100,  -100,  -100,  -100,  -100,  -100,
          -100,  -100,  -100,  -100,  -100,  -100,  -100,  -100,  -100,  -100,
          -100,  -100,  -100,  -100,  -100,  -100,  -100,  -100,  -100,  -100,
          -100,  -100,  -100,  -100,  -100,  -100,  -100,  -100,  -100,  -100,
          -100,  -100,  -100,  -100,  -100,  -100,  -100,  -100,  -100,  -100,
          -100,  -100,  -100,  -100,  -100,  -100,  -100,  -100,  -100,  -100,
          -100,  -100,  -100,  -100,  -100,  -100,  -100,  -100,  -100,  -100,
          -100,  -100,  -100,  -100,  -100,  -100,  -100,  -100,  -100,  -100,
          -100,  -100,  -100,  -100,  -100,  -100,  -100,  -100,  -100,  -100,
          -100,  -100,  -100,  -100,  -100,  -100,  -100,  -100,  -100,  -100,
          -100,  -100,  -100,  -100,  -100,  -100,  -100,  -100,  -100,  -100,
          -100,  -100,  -100,  -100,  -100,  -100,  -100,  -100,  -100,  -100,
          -100,  -100,  -100,  -100,  -100,  -100,  -100,  -100,  -100,  -100,
          -100,  -100,  -100,  -100,  -100,  -100,  -100,  -100,  -100,  -100,
          -100,  -100,  -100,  -100,  -100,  -100,  -100,  -100,  -100,  -100,
          -100,  -100,  -100,  -100,  -100,  -100,  -100,  -100,  -100,  -100,
          -100,  -100,  -100,  -100,  -100,  -100,  -100,  -100,  -100,  -100,
          -100,  -100,  -100,  -100,  -100,  -100,  -100,  -100,  -100,  -100,
          -100,  -100,  -100,  -100,  -100,  -100,  -100,  -100,  -100,  -100,
          -100,  -100,  -100,  -100,  -100,  -100,  -100,  -100,  -100,  -100,
          -100,  -100,  -100,  -100,  -100,  -100,  -100,  -100,  -100,  -100,
          -100,  -100,  -100,  -100,  -100,  -100,  -100,  -100,  -100,  -100,
          -100,  -100,  -100,  -100,  -100,  -100,  -100,  -100,  -100,  -100,
          -100,  -100,  -100,  -100,  -100,  -100,  -100,  -100,  -100,  -100,
          -100,  -100,  -100,  -100,  -100,  -100,  -100,  -100,  -100,  -100,
          -100,  -100,  -100,  -100,  -100,  -100,  -100,  -100,  -100,  -100,
          -100,  -100,  -100,  -100,  -100,  -100,  -100,  -100,  -100,  -100,
          -100,  -100,  -100,  -100,  -100,  -100,  -100,  -100,  -100,  -100,
          -100,  -100,  -100,  -100,  -100,  -100,  6438, 18513,   338,   385,
          1722,  2752,  3758,  1104,  1288,  2566, 10643,  1788,   393,  6057,
           373,  8074,  1919,  3852,  1919,   322,   263, 12875,   310, 26663,
           869,     2]], device='cuda:0'), 'attention_mask': tensor([[0, 0, 0, 0, 0, 0, 0, 0, 0, 0, 0, 0, 0, 0, 0, 0, 0, 0, 0, 0, 0, 0, 0, 0,
         0, 0, 0, 0, 0, 0, 0, 0, 0, 0, 0, 0, 0, 0, 0, 0, 0, 0, 0, 0, 0, 0, 0, 0,
         0, 0, 0, 0, 0, 0, 0, 0, 0, 0, 0, 0, 0, 0, 0, 0, 0, 0, 0, 0, 0, 0, 0, 0,
         0, 0, 0, 0, 0, 0, 0, 0, 0, 0, 0, 0, 0, 0, 0, 0, 0, 0, 0, 0, 0, 0, 0, 0,
         0, 0, 0, 0, 0, 0, 0, 0, 0, 0, 0, 0, 0, 0, 0, 0, 0, 0, 0, 0, 0, 0, 0, 0,
         0, 0, 0, 0, 0, 0, 0, 0, 0, 0, 0, 0, 0, 0, 0, 0, 0, 0, 0, 0, 0, 0, 0, 0,
         0, 0, 0, 0, 0, 0, 0, 0, 0, 0, 0, 0, 0, 0, 0, 0, 0, 0, 0, 0, 0, 0, 0, 0,
         0, 0, 0, 0, 0, 0, 0, 0, 0, 0, 0, 0, 0, 0, 0, 0, 0, 0, 0, 0, 0, 0, 0, 0,
         0, 0, 0, 0, 0, 0, 0, 0, 0, 0, 0, 0, 0, 0, 0, 0, 0, 0, 0, 0, 0, 0, 0, 0,
         0, 0, 0, 0, 0, 0, 0, 0, 0, 0, 0, 0, 0, 0, 0, 0, 0, 0, 0, 0, 0, 0, 0, 0,
         0, 0, 0, 0, 0, 0, 0, 0, 0, 0, 0, 0, 0, 0, 0, 0, 0, 0, 0, 0, 0, 0, 0, 0,
         0, 0, 0, 0, 0, 0, 0, 0, 0, 0, 0, 0, 0, 0, 0, 0, 0, 0, 0, 0, 0, 0, 0, 0,
         0, 0, 0, 0, 0, 0, 0, 0, 0, 0, 0, 0, 0, 0, 0, 0, 0, 0, 0, 0, 0, 0, 0, 0,
         0, 0, 0, 0, 0, 0, 0, 0, 0, 0, 0, 0, 0, 0, 0, 0, 0, 0, 0, 0, 0, 0, 0, 0,
         0, 0, 0, 0, 0, 0, 0, 0, 0, 0, 0, 0, 0, 0, 0, 0, 0, 0, 0, 0, 0, 0, 0, 0,
         0, 0, 0, 0, 0, 0, 0, 0, 0, 0, 0, 0, 0, 0, 0, 0, 0, 0, 0, 0, 0, 0, 0, 0,
         0, 0, 0, 0, 0, 0, 0, 0, 0, 0, 0, 0, 0, 0, 0, 0, 0, 0, 0, 0, 0, 0, 0, 0,
         0, 0, 0, 0, 0, 0, 0, 0, 0, 0, 0, 0, 0, 0, 0, 0, 0, 0, 0, 0, 0, 0, 0, 0,
         0, 0, 0, 0, 0, 0, 0, 0, 0, 0, 0, 0, 0, 0, 0, 0, 0, 0, 0, 0, 0, 0, 0, 0,
         0, 0, 0, 0, 0, 0, 0, 0, 0, 0, 0, 0, 0, 0, 0, 0, 0, 0, 0, 0, 0, 0, 0, 0,
         1, 1, 1, 1, 1, 1, 1, 1, 1, 1, 1, 1, 1, 1, 1, 1, 1, 1, 1, 1, 1, 1, 1, 1,
         1, 1, 1, 1, 1, 1, 1, 1]], device='cuda:0')}

===x_r===
 None